1.013951979235553887e-03
1.013951979235494906e-03
1.013951979222545629e-03
1.013951974786441368e-03
1.013951919494803563e-03
1.013951818852696068e-03
1.013951791777658543e-03
1.013951819100666549e-03
1.013951802788224266e-03
1.013951712419017574e-03
1.013951591472178008e-03
1.013951496073366328e-03
1.013951455144557808e-03
1.013951468214414637e-03
1.013951519128398170e-03
1.013951588859338592e-03
1.013951662352284479e-03
1.013951730322964345e-03
1.013951788405034748e-03
1.013951835515683030e-03
1.013951872382645204e-03
1.013951900518019877e-03
1.013951921612504326e-03
1.013951937230604238e-03
1.013951948690663485e-03
1.013951957044777544e-03
1.013951963104891326e-03
1.013951967484724194e-03
1.013951970642269816e-03
1.013951972916567971e-03
1.013951974557097914e-03
1.013951975746328702e-03
1.013951976616684573e-03
1.013951977263255044e-03
1.013951977753347385e-03
1.013951978133731911e-03
1.013951978436163168e-03
1.013951978681565825e-03
1.013951978883070220e-03
1.013951979047724751e-03
1.013951979175829309e-03
1.013951979254620016e-03
1.013951979237769562e-03
1.013951978990788958e-03
1.013951978159993456e-03
1.013951975882229108e-03
1.013951970185729412e-03
1.013951956831161310e-03
1.013951927201453985e-03
1.013951864671743842e-03
