1.499999999999999944e-02
4.530612244897959384e-02
7.561224489795918824e-02
1.059183673469387826e-01
1.362244897959183632e-01
1.665306122448979853e-01
1.968367346938775797e-01
2.271428571428571463e-01
2.574489795918367685e-01
2.877551020408163351e-01
3.180612244897959573e-01
3.483673469387755239e-01
3.786734693877551461e-01
4.089795918367347127e-01
4.392857142857143349e-01
4.695918367346939015e-01
4.998979591836734682e-01
5.302040816326530903e-01
5.605102040816326570e-01
5.908163265306122236e-01
6.211224489795917902e-01
6.514285714285713569e-01
6.817346938775510345e-01
7.120408163265304902e-01
7.423469387755101678e-01
7.726530612244897345e-01
8.029591836734694121e-01
8.332653061224488678e-01
8.635714285714285454e-01
8.938775510204081121e-01
9.241836734693876787e-01
9.544897959183672453e-01
9.847959183673469230e-01
1.015102040816326490e+00
1.045408163265306056e+00
1.075714285714285623e+00
1.106020408163265190e+00
1.136326530612244978e+00
1.166632653061224323e+00
1.196938775510204112e+00
1.227244897959183678e+00
1.257551020408163245e+00
1.287857142857142811e+00
1.318163265306122378e+00
1.348469387755102167e+00
1.378775510204081511e+00
1.409081632653061078e+00
1.439387755102040645e+00
1.469693877551020433e+00
1.500000000000000000e+00
