6.344992980483798966e-15
2.751442052100906612e-15
6.983211315238500405e-13
5.199286228344457665e-10
9.206500926720588084e-09
2.415106498342425662e-08
2.455181032847541581e-08
1.724409526551115868e-08
2.008729064058194387e-08
3.979463789463362479e-08
6.643136739299766703e-08
8.518677342224096527e-08
8.961172853178854082e-08
8.229911202325053552e-08
6.904324038959622066e-08
5.460076785974159355e-08
4.157865232083512912e-08
3.091655874312305759e-08
2.264547631159267150e-08
1.642766904349623402e-08
1.184094280495571838e-08
8.497510250403786179e-09
6.079741106291000425e-09
4.341237791061237645e-09
3.096357759327900239e-09
2.207661647730150963e-09
1.574591105458858074e-09
1.124213393146423403e-09
8.039938850567879856e-10
5.762972605851597255e-10
4.142772960980362372e-10
2.988461064095898751e-10
2.164641046313992000e-10
1.575435022651838406e-10
1.153043849134005714e-10
8.496123479520757262e-11
6.314930138020489619e-11
4.752640120116550375e-11
3.651239440682699079e-11
2.917195120949699289e-11
2.534861769398763950e-11
2.641983206152085777e-11
3.767535196418063484e-11
7.472379871759492043e-11
1.791661422798825792e-10
4.540077644584736364e-10
1.138125326279283452e-09
2.752802518841834132e-09
6.372763908210759604e-09
1.409920158030634415e-08
