9.999999999485175151e-01
9.999995261879327524e-01
9.998843991910466578e-01
9.954400863247816478e-01
9.515985256252582625e-01
8.071187114958351394e-01
5.852528834383868839e-01
3.735380045635353086e-01
2.209101521191453865e-01
1.284958553159362971e-01
8.188860035677042459e-02
6.745183749643147986e-02
7.336827172808492448e-02
8.870153392510576884e-02
1.044326820595242455e-01
1.147540171787874985e-01
1.173167395487702269e-01
1.124849266760172550e-01
1.021637437015155414e-01
8.872088073960494869e-02
7.427060805640699204e-02
6.034904847766386221e-02
4.787449450533048240e-02
3.725807187237648033e-02
2.856070158206087603e-02
2.163735897161982863e-02
1.624555825221393746e-02
1.211610868796676212e-02
8.993374386426340739e-03
6.654336616672035763e-03
4.914551429819885055e-03
3.626915246914603434e-03
2.677086503165487102e-03
1.977833259722622770e-03
1.463509710880437189e-03
1.085206288304442620e-03
8.067451114882055914e-04
6.015012973511349795e-04
4.499467392958196631e-04
3.377878045057589778e-04
2.545724274257724572e-04
1.926584558214940591e-04
1.464548938938393919e-04
1.118665763770812244e-04
8.588905144926477426e-05
6.631362413362123685e-05
5.151280893601029677e-05
4.028429213058755870e-05
3.173738896098213404e-05
2.521033865272400128e-05
