3.815158633318384801e-12
7.611284487177997755e-11
1.306114410239292340e-09
1.072798166003514355e-08
5.842484049585506330e-08
1.834156574045193569e-07
3.339083060264497680e-07
4.315750114229482321e-07
4.653288629088813340e-07
5.113976954038147948e-07
1.304323757793401196e-06
6.888497071504591348e-06
2.824776190054375307e-05
8.038908955562848945e-05
1.703466630976465464e-04
2.876594305157474055e-04
4.077993175558348483e-04
5.046935274470752339e-04
5.616531648102539428e-04
5.748902164295323835e-04
5.507598615734027401e-04
5.006330586231008423e-04
4.364343954849322135e-04
3.680133808481120413e-04
3.022154946792138166e-04
2.430334213453615437e-04
1.922416773077356721e-04
1.501207480627094663e-04
1.160757091355464697e-04
8.908793678374602994e-05
6.800825800493412530e-05
5.172645315896183798e-05
3.925537927549457889e-05
2.976159583339300574e-05
2.256560597791448935e-05
1.712694479893399566e-05
1.302336963256103530e-05
9.929314493109212098e-06
7.596174317914814338e-06
5.835447849725770332e-06
4.504925331273486971e-06
3.497691888679083461e-06
2.733550478805331930e-06
2.152437239572130958e-06
1.709441335129461163e-06
1.371116353156300042e-06
1.112866537427810318e-06
9.173067074306750326e-07
7.736346212736055191e-07
6.782258747993964171e-07
