1.940352537698215333e-12
1.670460357266202135e-10
2.691396894786945524e-09
2.172725573708452225e-08
1.146088073403719764e-07
3.423150415849365696e-07
6.129000851987090388e-07
8.020590347866560813e-07
9.084392456814471262e-07
2.563835915809297489e-06
3.599313071829092026e-05
3.349735521197475105e-04
1.812399146488815563e-03
6.519893857707652861e-03
1.730949477509706805e-02
3.657025291204307055e-02
6.497008079072928710e-02
1.011187041481191873e-01
1.421960078553383133e-01
1.849666324411114171e-01
2.266162862631800334e-01
2.651742233782690694e-01
2.995656158181470019e-01
3.294485622602200681e-01
3.549796447610217842e-01
3.765966058917233350e-01
3.948548347457258578e-01
4.103217381751623760e-01
4.235182428825017276e-01
4.348930482961355093e-01
4.448169598108339118e-01
4.535880085521837302e-01
4.614413195218765584e-01
4.685601953054249758e-01
4.750865786272012725e-01
4.811301002575754104e-01
4.867755048964906295e-01
4.920885427347400642e-01
4.971205382383185878e-01
5.019118786640563989e-01
5.064946504655183368e-01
5.108946190700830448e-01
5.151327106890331020e-01
5.192261205694884696e-01
5.231891430022251877e-01
5.270337949521338716e-01
5.307702869053279038e-01
5.344073806044050690e-01
5.379526628993522852e-01
5.414127571908688985e-01
