4.703627320304245481e-11
4.735702157971502874e-07
1.155968127754383788e-04
4.559881218190701621e-03
4.840130128694531547e-02
1.928807626286563881e-01
4.147461696060921743e-01
6.264607616950637059e-01
7.790884740044579093e-01
8.715010692316131902e-01
9.180741009899319183e-01
9.322062930970334005e-01
9.247910512476305023e-01
9.046980986685740911e-01
8.780873000046227617e-01
8.483877760056300898e-01
8.173049672036419855e-01
7.858911689483524254e-01
7.550780358547090065e-01
7.257370280240844629e-01
6.985618045542263399e-01
6.739756059212425043e-01
6.521230311150228998e-01
6.329249965989091065e-01
6.161571472818516693e-01
6.015227688512672088e-01
5.887071819260328853e-01
5.774118897734041855e-01
5.673721971961888100e-01
5.583634431904037632e-01
5.502004166543017494e-01
5.427333013743438350e-01
5.358423020356899436e-01
5.294321822512854103e-01
5.234273252613693694e-01
5.177675508507830759e-01
5.124047148467366641e-01
5.073000178158699747e-01
5.024219122368296375e-01
4.977444931616198387e-01
4.932462685424869875e-01
4.889092221164214047e-01
4.847180989375114990e-01
4.806598590419997596e-01
4.767232575424861785e-01
4.728985196460964158e-01
4.691770869708210556e-01
4.655514174893424229e-01
4.620148258488055437e-01
4.585613540366044183e-01
