1.013951979235577089e-03
1.013951979235555405e-03
1.013951979231201683e-03
1.013951977922798210e-03
1.013951962817273740e-03
1.013951935410876710e-03
1.013951924577597774e-03
1.013951913749110362e-03
1.013951849799630319e-03
1.013951713279639261e-03
1.013951548488486315e-03
1.013951422394924291e-03
1.013951372972256943e-03
1.013951396748969964e-03
1.013951467220526939e-03
1.013951556123215535e-03
1.013951643900503361e-03
1.013951720703198641e-03
1.013951783456888472e-03
1.013951832688896699e-03
1.013951870373125917e-03
1.013951898781178087e-03
1.013951919985333272e-03
1.013951935702834574e-03
1.013951947291283091e-03
1.013951955798105290e-03
1.013951962020889731e-03
1.013951966562178517e-03
1.013951969874290170e-03
1.013951972294420672e-03
1.013951974071756112e-03
1.013951975388405593e-03
1.013951976375681826e-03
1.013951977126806465e-03
1.013951977706862651e-03
1.013951978160539894e-03
1.013951978518083967e-03
1.013951978799802842e-03
1.013951979019342723e-03
1.013951979185890705e-03
1.013951979305156414e-03
1.013951979378361961e-03
1.013951979397003517e-03
1.013951979327913167e-03
1.013951979076954625e-03
1.013951978408243228e-03
1.013951976777034605e-03
1.013951973005508544e-03
1.013951964690087710e-03
1.013951947176256179e-03
