2.579174164791912002e-15
1.015809575315066027e-15
2.486378733831264790e-13
1.639847933567368448e-10
2.541625665076416252e-09
5.896732582720382051e-09
5.440614358227200446e-09
5.316894291838545512e-09
1.623285660338218713e-08
4.589212078050592423e-08
8.555033892573676416e-08
1.161814840950503666e-07
1.262678943363582545e-07
1.173911391558907065e-07
9.790096809210462960e-08
7.582940783568359676e-08
5.597767121573951440e-08
4.014551616313322408e-08
2.835824504670239593e-08
1.991496900525466818e-08
1.398358336317882024e-08
9.847194983128289590e-09
6.963006503478825163e-09
4.944822989105114420e-09
3.525652041509165084e-09
2.522710565203385310e-09
1.810765807171604469e-09
1.303499903002173106e-09
9.409555893176177940e-10
6.811723246773126584e-10
4.945969496396495069e-10
3.603108365772128471e-10
2.634519365389315225e-10
1.934329816013113786e-10
1.426984985926667222e-10
1.058520246380629879e-10
7.904109776101779498e-11
5.952419281281690049e-11
4.536972643849038556e-11
3.526130066837128314e-11
2.841970600247912693e-11
2.473014447682190573e-11
2.534246966912850861e-11
3.440457831768353361e-11
6.338053398024908845e-11
1.408698097401542717e-10
3.333336598689701905e-10
7.860268828367648137e-10
1.799035303165848273e-09
3.960736233051955323e-09
