9.999999999955300201e-01
9.999999707407390970e-01
9.999939181952841594e-01
9.997484192032723982e-01
9.962950227981529627e-01
9.752917324337362359e-01
9.111872689793685254e-01
7.957099844105788300e-01
6.547988263077890725e-01
5.298300479487325632e-01
4.511385592788609844e-01
4.240344188827585015e-01
4.329038393901420423e-01
4.549783685833561631e-01
4.711615593324248175e-01
4.703116011006138741e-01
4.492536058468827309e-01
4.107471215110002905e-01
3.607256769115463335e-01
3.057791089077454560e-01
2.514775334997992884e-01
2.016460245048861677e-01
1.583523536028733636e-01
1.222701588092867941e-01
9.314594414279350754e-02
7.021438472364205374e-02
5.250310229633797093e-02
3.902560426134413230e-02
2.888574563689422919e-02
2.132190832757301785e-02
1.571488085746994279e-02
1.157667354142637162e-02
8.531286757027580284e-03
6.293771868743139146e-03
4.650806467946709544e-03
3.444114728380749668e-03
2.557018301261872965e-03
1.903889234764975661e-03
1.422071088738713004e-03
1.065793817731151664e-03
8.016457318436883252e-04
6.052335302728225567e-04
4.587340212243314042e-04
3.491071973278016987e-04
2.667956727773817204e-04
2.047796369435430329e-04
1.578906016510901354e-04
1.223130265482973123e-04
9.522212952075291873e-05
7.452035232539722153e-05
