8.395395092134346170e-13
9.126790947067470923e-12
1.381013962002693166e-10
1.092678110175602846e-09
7.258270361265903510e-09
3.227935033643439254e-08
8.662864012355067951e-08
1.608115767093099641e-07
2.329538969338018933e-07
3.086261982911889670e-07
7.154324557233379265e-07
3.435927351251812105e-06
1.410528123762122909e-05
4.081814162039045798e-05
8.793340948386139662e-05
1.506178143828650702e-04
2.161015714655752562e-04
2.701712358525087867e-04
3.032559731378993602e-04
3.126820886699505585e-04
3.014372512674127406e-04
2.754753111142459253e-04
2.412566097760924892e-04
2.042367154409257418e-04
1.682845635687776269e-04
1.357140778520105865e-04
1.076048397191002657e-04
8.418964286504668107e-05
6.519443153637919427e-05
5.009116568561779181e-05
3.826470670761302108e-05
2.911118749882760732e-05
2.208828618197851838e-05
1.673489234236238529e-05
1.267307474454913455e-05
9.600983969753008730e-06
7.282012258006248676e-06
5.533230328220869481e-06
4.214640594034087924e-06
3.219897845930672784e-06
2.468653184871847812e-06
1.900426583372217217e-06
1.469806943218522409e-06
1.142751525244128989e-06
8.937705383108625556e-07
7.038160203643254146e-07
5.587363831167515217e-07
4.482052686661533512e-07
3.650855815596403391e-07
3.052481953580452479e-07
