9.105102953288336299e-13
6.590608913945901233e-11
9.082187155179394059e-10
6.393392254204883183e-09
3.551431901256217559e-08
1.353500314339843294e-07
3.281825332041284234e-07
5.744232053950956170e-07
8.615818479333302980e-07
4.488658069657018202e-06
7.437085857613871375e-05
6.982202209358721835e-04
3.778007928201365922e-03
1.356721666353160813e-02
3.591143261584099633e-02
7.555966881223291631e-02
1.335481395862617437e-01
2.065830865076503375e-01
2.884665691046106040e-01
3.722947888740428257e-01
4.522226602363164094e-01
5.243130449473009103e-01
5.865890312870619683e-01
6.386366749311294111e-01
6.810721949607766446e-01
7.150620841116870352e-01
7.419703625445623896e-01
7.631369760532321633e-01
7.797605075823191845e-01
7.928518674546692901e-01
8.032303902584446709e-01
8.115417828512255793e-01
8.182848244544717042e-01
8.238393432566040175e-01
8.284917374515698985e-01
8.324565692720654608e-01
8.358939996480733159e-01
8.389234296591716600e-01
8.416339433564866690e-01
8.440921791915115824e-01
8.463481985410474806e-01
8.484398277779096054e-01
8.503958547602775697e-01
8.522383749080767457e-01
8.539845107894821208e-01
8.556476725601264155e-01
8.572384829884828195e-01
8.587654578724793764e-01
8.602355081454211572e-01
8.616543119152215713e-01
