4.030809252429967287e-12
2.918553563071317804e-08
6.080759729254953747e-06
2.515733110136851277e-04
3.704934415964178038e-03
2.470809990438361733e-02
8.881231617790728838e-02
2.042892803186038275e-01
3.452000790808080755e-01
4.701651546028759454e-01
5.487863540739379431e-01
5.752639238630734564e-01
5.633040435820096947e-01
5.314135860618541818e-01
4.928390522312555699e-01
4.539780740931791958e-01
4.169820983683171778e-01
3.823995525751350266e-01
3.505044216035196891e-01
3.216133414517710620e-01
2.959982932648717036e-01
2.737653861095159513e-01
2.548172980491573147e-01
2.388888784452040115e-01
2.256135342858964776e-01
2.145877832110731076e-01
2.054189034686682569e-01
1.977532090217566374e-01
1.912885360434084525e-01
1.857761204898556451e-01
1.810164545508154976e-01
1.768524250782671225e-01
1.731617949332953932e-01
1.698501457879488252e-01
1.668447798791436731e-01
1.640897127200252048e-01
1.615416983901156456e-01
1.591671467304280885e-01
1.569397701569069659e-01
1.548388066306621569e-01
1.528476868303953184e-01
1.509530381771894969e-01
1.491439414263328600e-01
1.474113752168579317e-01
1.457477998638102845e-01
1.441468440768091663e-01
1.426030677329467589e-01
1.411117809058734796e-01
1.396689045851547128e-01
1.382708623521684554e-01
